0,273
0,270
3,2
3,1
3,3
10,221
10,167
10,157
10,261
10,219
10,247
10,255
88,5
88,4
88,3
11,24
11,17
11,2
88,2
88,1
88,0
86,4
86,3
86,2
86,1
86,0
57,5
57,4
57,3
57,2
57,1
57,0
54,4
54,3
8,14
8,15
54,2
54,1
54,0
47,4
47,3
8,6
8,4
8,5
8,2
8,3
47,2
47,1
47,0
46,4
46,3
46,2
46,1
46,0
45,5
45,4
45,3
45,2
45,1
45,0
42,5
42,4
42,3
42,2
42,1
42,0
40,3
40,1
36,4
36,3
36,1
35,3
35,1
33,4
33,3
33,1
31,3
31,1
29,4
29,3
29,1
26,3
26,1
20,3
20,2
20,1
19,3
19,2
19,1
14,4
14,2
14,0
12,3
12,2
12,1
11,30
11,29
11,28
11,27
11,26
11,23
11,22
11,21
11,20
11,19
11,18
11,16
11,15
11,12
11,11
11,10
11,9
11,8
11,7
11,5
